tjobname;stage;COI-setup-start;COI-setup-end;tjob-setup-start;tjob-setup-end;tjob-testexec-start;tjob-testexec-end;tjob-teardown-start;tjob-teardown-end;coi-teardown-start;coi-teardown-end
tjobc;0;1727468401;1727468404;1727468404;1727468425;1727468426;1727468458;1727468459;1727468461;1727468401;1727468404
tjobd;1;1727468401;1727468404;1727468461;1727468482;1727468483;1727468509;1727468509;1727468511;1727468401;1727468404
tjobe;2;1727468401;1727468404;1727468511;1727468533;1727468534;1727468565;1727468565;1727468567;1727468401;1727468404
tjobf;3;1727468401;1727468404;1727468567;1727468589;1727468589;1727468628;1727468629;1727468630;1727468401;1727468404
tjobg;4;1727468401;1727468404;1727468631;1727468652;1727468653;1727468689;1727468689;1727468691;1727468401;1727468404
tjobh;5;1727468401;1727468404;1727468691;1727468712;1727468713;1727468727;1727468727;1727468729;1727468401;1727468404
tjobi;6;1727468401;1727468404;1727468729;1727468750;1727468751;1727468776;1727468776;1727468778;1727468401;1727468404
tjobj;7;1727468401;1727468404;1727468778;1727468800;1727468801;1727468825;1727468825;1727468827;1727468401;1727468404
tjobk;8;1727468401;1727468404;1727468828;1727468849;1727468850;1727468874;1727468874;1727468876;1727468401;1727468404
tjobl;9;1727468401;1727468404;1727468876;1727468898;1727468898;1727468924;1727468924;1727468926;1727468401;1727468404
tjobm;10;1727468401;1727468404;1727468926;1727468948;1727468948;1727468976;1727468976;1727468978;1727468401;1727468404
tjobn;11;1727468401;1727468404;1727468978;1727469000;1727469001;1727469035;1727469035;1727469037;1727468401;1727468404
tjobo;12;1727468401;1727468404;1727469037;1727469058;1727469059;1727469312;1727469312;1727469314;1727468401;1727468404
tjobp;13;1727468401;1727468404;1727469314;1727469336;1727469337;1727469378;1727469379;1727469381;1727468401;1727468404
tjobq;14;1727468401;1727468404;1727469381;1727469403;1727469403;1727469448;1727469448;1727469450;1727468401;1727468404
tjobr;15;1727468401;1727468404;1727469451;1727469472;1727469473;1727469514;1727469515;1727469517;1727468401;1727468404
tjobs;16;1727468401;1727468404;1727469517;1727469539;1727469540;1727469569;1727469569;1727469571;1727468401;1727468404
tjobt;17;1727468401;1727468404;1727469571;1727469593;1727469594;1727469628;1727469628;1727469631;1727468401;1727468404
tjobu;18;1727468401;1727468404;1727469631;1727469652;1727469653;1727469658;1727469659;1727469661;1727468401;1727468404
tjobv;19;1727468401;1727468404;1727469661;1727469683;1727469684;1727469728;1727469728;1727469730;1727468401;1727468404
tjobw;20;1727468401;1727468404;1727469730;1727469752;1727469753;1727469783;1727469784;1727469785;1727468401;1727468404
