tjobname;stage;COI-setup-start;COI-setup-end;tjob-setup-start;tjob-setup-end;tjob-testexec-start;tjob-testexec-end;tjob-teardown-start;tjob-teardown-end;coi-teardown-start;coi-teardown-end
tjobc;0;1727478951;1727478958;1727478958;1727478992;1727478993;1727479040;1727479041;1727479043;1727478951;1727478958
tjobd;1;1727478951;1727478958;1727479043;1727479070;1727479070;1727479096;1727479096;1727479098;1727478951;1727478958
tjobe;2;1727478951;1727478958;1727479098;1727479120;1727479121;1727479154;1727479154;1727479156;1727478951;1727478958
tjobf;3;1727478951;1727478958;1727479156;1727479178;1727479179;1727479218;1727479219;1727479221;1727478951;1727478958
tjobg;4;1727478951;1727478958;1727479221;1727479242;1727479243;1727479278;1727479279;1727479280;1727478951;1727478958
tjobh;5;1727478951;1727478958;1727479281;1727479302;1727479302;1727479316;1727479316;1727479318;1727478951;1727478958
tjobi;6;1727478951;1727478958;1727479318;1727479339;1727479340;1727479364;1727479364;1727479366;1727478951;1727478958
tjobj;7;1727478951;1727478958;1727479367;1727479388;1727479390;1727479414;1727479414;1727479416;1727478951;1727478958
tjobk;8;1727478951;1727478958;1727479416;1727479438;1727479439;1727479463;1727479463;1727479465;1727478951;1727478958
tjobl;9;1727478951;1727478958;1727479465;1727479487;1727479487;1727479513;1727479513;1727479515;1727478951;1727478958
tjobm;10;1727478951;1727478958;1727479515;1727479537;1727479537;1727479563;1727479563;1727479565;1727478951;1727478958
tjobn;11;1727478951;1727478958;1727479565;1727479587;1727479588;1727479621;1727479621;1727479623;1727478951;1727478958
tjobo;12;1727478951;1727478958;1727479623;1727479646;1727479647;1727479900;1727479900;1727479902;1727478951;1727478958
tjobp;13;1727478951;1727478958;1727479902;1727479924;1727479924;1727479965;1727479965;1727479967;1727478951;1727478958
tjobq;14;1727478951;1727478958;1727479967;1727479989;1727479990;1727480034;1727480035;1727480036;1727478951;1727478958
tjobr;15;1727478951;1727478958;1727480037;1727480058;1727480058;1727480099;1727480099;1727480101;1727478951;1727478958
tjobs;16;1727478951;1727478958;1727480102;1727480123;1727480124;1727480155;1727480155;1727480157;1727478951;1727478958
tjobt;17;1727478951;1727478958;1727480158;1727480184;1727480185;1727480220;1727480220;1727480222;1727478951;1727478958
tjobu;18;1727478951;1727478958;1727480222;1727480244;1727480244;1727480250;1727480250;1727480252;1727478951;1727478958
tjobv;19;1727478951;1727478958;1727480252;1727480274;1727480275;1727480321;1727480321;1727480323;1727478951;1727478958
tjobw;20;1727478951;1727478958;1727480323;1727480345;1727480346;1727480378;1727480379;1727480380;1727478951;1727478958
