tjobname;stage;COI-setup-start;COI-setup-end;tjob-setup-start;tjob-setup-end;tjob-testexec-start;tjob-testexec-end;tjob-teardown-start;tjob-teardown-end;coi-teardown-start;coi-teardown-end
tjobc;0;1727470961;1727470965;1727470965;1727470999;1727471000;1727471046;1727471046;1727471048;1727470961;1727470965
tjobd;1;1727470961;1727470965;1727471048;1727471069;1727471070;1727471096;1727471096;1727471098;1727470961;1727470965
tjobe;2;1727470961;1727470965;1727471098;1727471120;1727471121;1727471153;1727471153;1727471155;1727470961;1727470965
tjobf;3;1727470961;1727470965;1727471155;1727471177;1727471178;1727471217;1727471217;1727471219;1727470961;1727470965
tjobg;4;1727470961;1727470965;1727471220;1727471241;1727471242;1727471278;1727471278;1727471280;1727470961;1727470965
tjobh;5;1727470961;1727470965;1727471280;1727471302;1727471303;1727471317;1727471317;1727471319;1727470961;1727470965
tjobi;6;1727470961;1727470965;1727471319;1727471341;1727471342;1727471366;1727471366;1727471367;1727470961;1727470965
tjobj;7;1727470961;1727470965;1727471368;1727471389;1727471390;1727471414;1727471414;1727471416;1727470961;1727470965
tjobk;8;1727470961;1727470965;1727471416;1727471437;1727471438;1727471463;1727471463;1727471465;1727470961;1727470965
tjobl;9;1727470961;1727470965;1727471465;1727471486;1727471487;1727471512;1727471513;1727471514;1727470961;1727470965
tjobm;10;1727470961;1727470965;1727471514;1727471536;1727471537;1727471563;1727471563;1727471565;1727470961;1727470965
tjobn;11;1727470961;1727470965;1727471565;1727471587;1727471588;1727471622;1727471623;1727471625;1727470961;1727470965
tjobo;12;1727470961;1727470965;1727471625;1727471647;1727471647;1727471900;1727471900;1727471902;1727470961;1727470965
tjobp;13;1727470961;1727470965;1727471902;1727471924;1727471925;1727471966;1727471966;1727471968;1727470961;1727470965
tjobq;14;1727470961;1727470965;1727471968;1727471990;1727471991;1727472035;1727472035;1727472037;1727470961;1727470965
tjobr;15;1727470961;1727470965;1727472037;1727472059;1727472060;1727472101;1727472101;1727472103;1727470961;1727470965
tjobs;16;1727470961;1727470965;1727472104;1727472125;1727472126;1727472155;1727472156;1727472158;1727470961;1727470965
tjobt;17;1727470961;1727470965;1727472158;1727472180;1727472180;1727472214;1727472214;1727472216;1727470961;1727470965
tjobu;18;1727470961;1727470965;1727472217;1727472238;1727472239;1727472244;1727472245;1727472247;1727470961;1727470965
tjobv;19;1727470961;1727470965;1727472247;1727472269;1727472269;1727472318;1727472318;1727472320;1727470961;1727470965
tjobw;20;1727470961;1727470965;1727472320;1727472352;1727472352;1727472385;1727472385;1727472387;1727470961;1727470965
