tjobname;stage;COI-setup-start;COI-setup-end;tjob-setup-start;tjob-setup-end;tjob-testexec-start;tjob-testexec-end;tjob-teardown-start;tjob-teardown-end;coi-teardown-start;coi-teardown-end
tjobc;0;1727476175;1727476177;1727476178;1727476200;1727476200;1727476231;1727476232;1727476234;1727476175;1727476177
tjobd;1;1727476175;1727476177;1727476234;1727476261;1727476262;1727476288;1727476289;1727476291;1727476175;1727476177
tjobe;2;1727476175;1727476177;1727476291;1727476312;1727476313;1727476345;1727476345;1727476347;1727476175;1727476177
tjobf;3;1727476175;1727476177;1727476347;1727476369;1727476370;1727476409;1727476410;1727476411;1727476175;1727476177
tjobg;4;1727476175;1727476177;1727476412;1727476433;1727476434;1727476470;1727476470;1727476472;1727476175;1727476177
tjobh;5;1727476175;1727476177;1727476472;1727476493;1727476494;1727476508;1727476508;1727476510;1727476175;1727476177
tjobi;6;1727476175;1727476177;1727476510;1727476531;1727476532;1727476557;1727476557;1727476559;1727476175;1727476177
tjobj;7;1727476175;1727476177;1727476559;1727476581;1727476582;1727476607;1727476607;1727476609;1727476175;1727476177
tjobk;8;1727476175;1727476177;1727476609;1727476631;1727476632;1727476656;1727476656;1727476658;1727476175;1727476177
tjobl;9;1727476175;1727476177;1727476658;1727476680;1727476681;1727476707;1727476707;1727476709;1727476175;1727476177
tjobm;10;1727476175;1727476177;1727476709;1727476731;1727476732;1727476757;1727476758;1727476760;1727476175;1727476177
tjobn;11;1727476175;1727476177;1727476760;1727476782;1727476783;1727476816;1727476816;1727476818;1727476175;1727476177
tjobo;12;1727476175;1727476177;1727476818;1727476840;1727476841;1727477093;1727477093;1727477095;1727476175;1727476177
tjobp;13;1727476175;1727476177;1727477095;1727477117;1727477117;1727477158;1727477159;1727477160;1727476175;1727476177
tjobq;14;1727476175;1727476177;1727477160;1727477182;1727477183;1727477227;1727477227;1727477229;1727476175;1727476177
tjobr;15;1727476175;1727476177;1727477229;1727477251;1727477252;1727477293;1727477293;1727477295;1727476175;1727476177
tjobs;16;1727476175;1727476177;1727477295;1727477317;1727477318;1727477348;1727477349;1727477351;1727476175;1727476177
tjobt;17;1727476175;1727476177;1727477351;1727477373;1727477373;1727477407;1727477408;1727477409;1727476175;1727476177
tjobu;18;1727476175;1727476177;1727477410;1727477431;1727477432;1727477437;1727477438;1727477440;1727476175;1727476177
tjobv;19;1727476175;1727476177;1727477440;1727477461;1727477462;1727477507;1727477507;1727477509;1727476175;1727476177
tjobw;20;1727476175;1727476177;1727477509;1727477530;1727477531;1727477562;1727477562;1727477564;1727476175;1727476177
