tjobname;stage;COI-setup-start;COI-setup-end;tjob-setup-start;tjob-setup-end;tjob-testexec-start;tjob-testexec-end;tjob-teardown-start;tjob-teardown-end;coi-teardown-start;coi-teardown-end
tjobc;0;1727463758;1727463760;1727463760;1727463782;1727463783;1727463815;1727463815;1727463816;1727463758;1727463760
tjobd;1;1727463758;1727463760;1727463816;1727463838;1727463839;1727463865;1727463866;1727463868;1727463758;1727463760
tjobe;2;1727463758;1727463760;1727463868;1727463890;1727463890;1727463923;1727463923;1727463925;1727463758;1727463760
tjobf;3;1727463758;1727463760;1727463925;1727463946;1727463947;1727463987;1727463987;1727463989;1727463758;1727463760
tjobg;4;1727463758;1727463760;1727463989;1727464011;1727464011;1727464047;1727464047;1727464049;1727463758;1727463760
tjobh;5;1727463758;1727463760;1727464049;1727464070;1727464071;1727464085;1727464085;1727464087;1727463758;1727463760
tjobi;6;1727463758;1727463760;1727464087;1727464109;1727464110;1727464134;1727464134;1727464136;1727463758;1727463760
tjobj;7;1727463758;1727463760;1727464137;1727464158;1727464159;1727464184;1727464184;1727464186;1727463758;1727463760
tjobk;8;1727463758;1727463760;1727464186;1727464207;1727464208;1727464233;1727464233;1727464235;1727463758;1727463760
tjobl;9;1727463758;1727463760;1727464235;1727464256;1727464257;1727464282;1727464283;1727464285;1727463758;1727463760
tjobm;10;1727463758;1727463760;1727464285;1727464306;1727464307;1727464333;1727464333;1727464335;1727463758;1727463760
tjobn;11;1727463758;1727463760;1727464335;1727464356;1727464357;1727464392;1727464392;1727464393;1727463758;1727463760
tjobo;12;1727463758;1727463760;1727464394;1727464415;1727464416;1727464669;1727464669;1727464671;1727463758;1727463760
tjobp;13;1727463758;1727463760;1727464672;1727464693;1727464694;1727464735;1727464735;1727464738;1727463758;1727463760
tjobq;14;1727463758;1727463760;1727464738;1727464759;1727464760;1727464805;1727464805;1727464807;1727463758;1727463760
tjobr;15;1727463758;1727463760;1727464807;1727464829;1727464829;1727464871;1727464871;1727464873;1727463758;1727463760
tjobs;16;1727463758;1727463760;1727464873;1727464894;1727464895;1727464925;1727464925;1727464927;1727463758;1727463760
tjobt;17;1727463758;1727463760;1727464928;1727464949;1727464950;1727464985;1727464985;1727464987;1727463758;1727463760
tjobu;18;1727463758;1727463760;1727464987;1727465008;1727465009;1727465015;1727465015;1727465017;1727463758;1727463760
tjobv;19;1727463758;1727463760;1727465017;1727465039;1727465040;1727465085;1727465085;1727465087;1727463758;1727463760
tjobw;20;1727463758;1727463760;1727465087;1727465109;1727465110;1727465142;1727465142;1727465144;1727463758;1727463760
