tjobname;stage;COI-setup-start;COI-setup-end;tjob-setup-start;tjob-setup-end;tjob-testexec-start;tjob-testexec-end;tjob-teardown-start;tjob-teardown-end;coi-teardown-start;coi-teardown-end
tjobc;0;1727462358;1727462360;1727462360;1727462382;1727462383;1727462414;1727462414;1727462416;1727462358;1727462360
tjobd;1;1727462358;1727462360;1727462416;1727462437;1727462438;1727462464;1727462464;1727462466;1727462358;1727462360
tjobe;2;1727462358;1727462360;1727462466;1727462487;1727462488;1727462520;1727462520;1727462522;1727462358;1727462360
tjobf;3;1727462358;1727462360;1727462522;1727462543;1727462544;1727462584;1727462584;1727462586;1727462358;1727462360
tjobg;4;1727462358;1727462360;1727462587;1727462608;1727462609;1727462645;1727462645;1727462647;1727462358;1727462360
tjobh;5;1727462358;1727462360;1727462647;1727462668;1727462669;1727462683;1727462683;1727462685;1727462358;1727462360
tjobi;6;1727462358;1727462360;1727462685;1727462707;1727462707;1727462733;1727462733;1727462735;1727462358;1727462360
tjobj;7;1727462358;1727462360;1727462735;1727462757;1727462757;1727462782;1727462782;1727462784;1727462358;1727462360
tjobk;8;1727462358;1727462360;1727462784;1727462806;1727462807;1727462831;1727462831;1727462833;1727462358;1727462360
tjobl;9;1727462358;1727462360;1727462833;1727462854;1727462855;1727462880;1727462880;1727462882;1727462358;1727462360
tjobm;10;1727462358;1727462360;1727462882;1727462904;1727462905;1727462931;1727462931;1727462933;1727462358;1727462360
tjobn;11;1727462358;1727462360;1727462933;1727462955;1727462956;1727462989;1727462990;1727462991;1727462358;1727462360
tjobo;12;1727462358;1727462360;1727462992;1727463013;1727463014;1727463267;1727463267;1727463269;1727462358;1727462360
tjobp;13;1727462358;1727462360;1727463270;1727463291;1727463292;1727463333;1727463333;1727463335;1727462358;1727462360
tjobq;14;1727462358;1727462360;1727463335;1727463357;1727463357;1727463402;1727463402;1727463404;1727462358;1727462360
tjobr;15;1727462358;1727462360;1727463404;1727463426;1727463427;1727463468;1727463468;1727463470;1727462358;1727462360
tjobs;16;1727462358;1727462360;1727463471;1727463492;1727463493;1727463523;1727463523;1727463524;1727462358;1727462360
tjobt;17;1727462358;1727462360;1727463525;1727463546;1727463547;1727463583;1727463583;1727463585;1727462358;1727462360
tjobu;18;1727462358;1727462360;1727463585;1727463617;1727463617;1727463623;1727463623;1727463625;1727462358;1727462360
tjobv;19;1727462358;1727462360;1727463625;1727463647;1727463648;1727463694;1727463694;1727463696;1727462358;1727462360
tjobw;20;1727462358;1727462360;1727463696;1727463718;1727463719;1727463751;1727463751;1727463752;1727462358;1727462360
